1 0.35546875 0.65390625 0.0671875 0.0453125
1 0.09140625 0.83671875 0.0765625 0.04375
1 0.37890625 0.36796875 0.040625 0.021875
1 0.478125 0.41328125 0.0359375 0.053125
1 0.52890625 0.34609375 0.0359375 0.0265625
1 0.40859375 0.259375 0.0625 0.04375
2 0.7875 0.6046875 0.0625 0.090625
2 0.72109375 0.55859375 0.0484375 0.05625
2 0.6625 0.696875 0.0390625 0.0765625
2 0.640625 0.3171875 0.0359375 0.0578125
2 0.678125 0.48671875 0.0359375 0.0453125
2 0.74609375 0.51953125 0.0390625 0.0609375
1 0.26171875 0.353125 0.0578125 0.0359375
1 0.3265625 0.4265625 0.040625 0.0390625
1 0.24375 0.415625 0.040625 0.0390625
1 0.16015625 0.428125 0.040625 0.0359375
1 0.18359375 0.50859375 0.0453125 0.0390625
1 0.05625 0.509375 0.071875 0.0359375
1 0.37109375 0.49296875 0.0484375 0.04375
1 0.46484375 0.59140625 0.0609375 0.0484375