2 0.6984375 0.53515625 0.0203125 0.075
2 0.66328125 0.48046875 0.021875 0.0578125
2 0.7953125 0.58046875 0.0359375 0.0796875
2 0.83515625 0.59765625 0.0390625 0.096875
1 0.1421875 0.50703125 0.0390625 0.0296875
1 0.22578125 0.5640625 0.0390625 0.0265625
1 0.24140625 0.509375 0.0390625 0.0453125
1 0.4703125 0.5109375 0.053125 0.0296875
1 0.10546875 0.7828125 0.0984375 0.040625
1 0.4890625 0.665625 0.0828125 0.040625
1 0.2828125 0.5953125 0.0671875 0.034375
1 0.1390625 0.58515625 0.0703125 0.034375
1 0.09765625 0.5515625 0.053125 0.028125