2 0.6859375 0.57578125 0.034375 0.075
2 0.66328125 0.515625 0.03125 0.0609375
2 0.77265625 0.640625 0.053125 0.084375
2 0.8078125 0.66484375 0.0578125 0.1015625
1 0.14765625 0.4328125 0.04375 0.0359375
1 0.21875 0.5046875 0.04375 0.034375
1 0.2453125 0.45546875 0.0484375 0.053125
1 0.46875 0.5046875 0.0578125 0.0390625
1 0.05546875 0.69453125 0.10625 0.059375
1 0.45546875 0.66015625 0.0890625 0.0578125
1 0.26796875 0.5484375 0.071875 0.0484375
1 0.1296875 0.50859375 0.0734375 0.0453125
1 0.0953125 0.46640625 0.0578125 0.0390625