2 0.63125 0.6765625 0.0453125 0.059375
2 0.65 0.61328125 0.0359375 0.04375
2 0.71171875 0.56015625 0.0453125 0.04375
2 0.71484375 0.509375 0.04375 0.0453125
2 0.68515625 0.53515625 0.0359375 0.0453125
1 0.47578125 0.60234375 0.0578125 0.0484375
1 0.40390625 0.540625 0.0796875 0.053125
1 0.24296875 0.6390625 0.09375 0.0578125
1 0.23671875 0.50234375 0.0671875 0.04375
1 0.03828125 0.4546875 0.0578125 0.0578125
1 0.0375 0.39765625 0.053125 0.0453125
1 0.2359375 0.39296875 0.04375 0.034375
1 0.2171875 0.34375 0.0578125 0.0296875
1 0.2015625 0.31640625 0.03125 0.021875
1 0.3640625 0.3375 0.0578125 0.0203125
1 0.47109375 0.29453125 0.0359375 0.0359375
1 0.1453125 0.3796875 0.0359375 0.0265625