1 0.19453125 0.2640625 0.03125 0.0359375
1 0.29921875 0.6765625 0.0984375 0.071875
1 0.25 0.83671875 0.0890625 0.034375
1 0.0640625 0.6859375 0.0890625 0.04375
1 0.34609375 0.78359375 0.0765625 0.0625
1 0.46171875 0.3265625 0.0359375 0.03125
1 0.484375 0.2796875 0.0390625 0.0203125
1 0.196875 0.35078125 0.0359375 0.0265625
1 0.4203125 0.36328125 0.0578125 0.034375
1 0.5640625 0.4671875 0.028125 0.040625
1 0.45078125 0.459375 0.053125 0.04375
1 0.5171875 0.5765625 0.0453125 0.0453125
1 0.275 0.2875 0.0453125 0.0453125
1 0.38203125 0.5515625 0.0671875 0.0703125
1 0.40234375 0.6234375 0.09375 0.0453125
1 0.5671875 0.7703125 0.059375 0.053125