2 0.62734375 0.2921875 0.028125 0.0515625
2 0.6046875 0.4328125 0.0265625 0.0609375
2 0.6875 0.415625 0.0359375 0.0390625
2 0.6984375 0.453125 0.034375 0.040625
2 0.67890625 0.50234375 0.028125 0.05625
1 0.2984375 0.23046875 0.03125 0.0296875
1 0.15859375 0.196875 0.0296875 0.0296875
1 0.43125 0.38203125 0.05625 0.04375
1 0.50703125 0.3890625 0.0359375 0.04375
1 0.33984375 0.296875 0.0390625 0.03125
1 0.18515625 0.2515625 0.04375 0.03125
1 0.16796875 0.3140625 0.0671875 0.040625
1 0.4078125 0.45546875 0.0625 0.04375
1 0.08203125 0.4 0.0671875 0.0515625
1 0.23828125 0.4703125 0.0671875 0.0515625
1 0.32109375 0.7390625 0.053125 0.0484375
1 0.46015625 0.77421875 0.0484375 0.0625
1 0.4578125 0.68515625 0.0515625 0.040625
1 0.3859375 0.77890625 0.0453125 0.0515625
1 0.15390625 0.6453125 0.0671875 0.0515625
2 0.6296875 0.23203125 0.021875 0.0359375