1 0.16328125 0.81484375 0.096875 0.0390625
1 0.35546875 0.54921875 0.0484375 0.0453125
1 0.1609375 0.49765625 0.04375 0.0171875
2 0.69921875 0.4640625 0.021875 0.0703125
2 0.74296875 0.52265625 0.021875 0.0609375
2 0.8484375 0.553125 0.040625 0.0796875
2 0.87109375 0.58046875 0.03125 0.0890625
1 0.24375 0.50703125 0.053125 0.0484375
1 0.16953125 0.56953125 0.0625 0.0484375
1 0.27265625 0.571875 0.0671875 0.028125
1 0.6203125 0.634375 0.084375 0.0484375
1 0.2984375 0.765625 0.075 0.040625
1 0.14921875 0.7390625 0.071875 0.0390625
1 0.35703125 0.50234375 0.0578125 0.0453125
1 0.5625 0.49765625 0.04375 0.0390625