1 0.6359375 0.1921875 0.065625 0.0671875
1 0.7859375 0.29296875 0.034375 0.0453125
1 0.728125 0.225 0.0578125 0.0359375
1 0.71015625 0.28125 0.0828125 0.0609375
1 0.50859375 0.38828125 0.0453125 0.04375
1 0.49765625 0.275 0.0484375 0.0484375
1 0.9421875 0.7046875 0.115625 0.0875
1 0.178125 0.66484375 0.0578125 0.059375
1 0.5640625 0.49375 0.096875 0.065625
1 0.2453125 0.4734375 0.0390625 0.04375
1 0.540625 0.4265625 0.0890625 0.0515625
1 0.30546875 0.88359375 0.10625 0.0828125
1 0.5609375 0.74765625 0.128125 0.0765625
1 0.97109375 0.5171875 0.0578125 0.0625