1 0.7296875 0.33984375 0.071875 0.0578125
1 0.2203125 0.44609375 0.103125 0.0671875
1 0.12109375 0.634375 0.128125 0.09375
1 0.84375 0.553125 0.096875 0.0625
1 0.49296875 0.29921875 0.075 0.0578125
1 0.571875 0.24375 0.0703125 0.0609375
1 0.4546875 0.58046875 0.125 0.0890625
1 0.4953125 0.70703125 0.1296875 0.084375
1 0.64296875 0.709375 0.1109375 0.0875
1 0.67890625 0.4 0.075 0.0609375
1 0.84140625 0.4671875 0.075 0.0609375
1 0.4671875 0.3453125 0.075 0.0578125
1 0.25703125 0.33984375 0.071875 0.0578125
1 0.44609375 0.43125 0.0890625 0.071875