1 0.3765625 0.31953125 0.0671875 0.0453125
1 0.584375 0.2671875 0.065625 0.0453125
1 0.0265625 0.8265625 0.053125 0.0828125
1 0.603125 0.85078125 0.121875 0.0484375
1 0.196875 0.3453125 0.0671875 0.0453125
1 0.42421875 0.2828125 0.0578125 0.0359375
1 0.62109375 0.33046875 0.065625 0.0453125
1 0.2953125 0.53828125 0.0984375 0.0453125
1 0.49375 0.65625 0.1109375 0.053125
1 0.646875 0.65 0.0890625 0.0515625
1 0.55390625 0.55078125 0.090625 0.053125
1 0.328125 0.47109375 0.0671875 0.0453125
1 0.1203125 0.46015625 0.0625 0.0453125
1 0.5484375 0.42421875 0.065625 0.0453125
1 0.375 0.40234375 0.0671875 0.0484375
1 0.4671875 0.36171875 0.0671875 0.0453125