1 0.7015625 0.23046875 0.053125 0.0578125
1 0.82578125 0.36328125 0.025 0.040625
1 0.78515625 0.28359375 0.053125 0.0234375
1 0.75390625 0.334375 0.075 0.0453125
1 0.53359375 0.39296875 0.0390625 0.0359375
1 0.5484375 0.2796875 0.040625 0.040625
1 0.88671875 0.80078125 0.1078125 0.065625
1 0.14921875 0.5875 0.0484375 0.0515625
1 0.5640625 0.50859375 0.0875 0.0453125
1 0.25703125 0.4171875 0.0296875 0.0390625
1 0.55625 0.4375 0.084375 0.03125
1 0.2234375 0.8296875 0.09375 0.0625
1 0.50390625 0.7546875 0.11875 0.053125
1 0.96171875 0.625 0.0625 0.0515625