1 0.51171875 0.42890625 0.0828125 0.034375
1 0.3609375 0.4625 0.0515625 0.0359375
1 0.4359375 0.74140625 0.15 0.0359375
1 0.3234375 0.85546875 0.0984375 0.0484375
1 0.2203125 0.56953125 0.0609375 0.065625
1 0.15234375 0.6546875 0.04375 0.028125
1 0.23828125 0.484375 0.0390625 0.0484375
1 0.328125 0.27890625 0.0265625 0.0171875
1 0.3375 0.228125 0.021875 0.025
1 0.87109375 0.34765625 0.1234375 0.0671875
1 0.9390625 0.603125 0.1109375 0.065625
1 0.8296875 0.76953125 0.121875 0.040625
1 0.64921875 0.4984375 0.096875 0.04375
1 0.6046875 0.3890625 0.096875 0.025
1 0.4234375 0.375 0.0828125 0.0265625
1 0.76328125 0.2875 0.0765625 0.0265625