1 0.46171875 0.65390625 0.11875 0.059375
1 0.59609375 0.5953125 0.103125 0.0578125
1 0.9171875 0.6390625 0.096875 0.0578125
1 0.8484375 0.47265625 0.0609375 0.0296875
1 0.66796875 0.44375 0.084375 0.0390625
1 0.540625 0.47734375 0.1015625 0.053125
1 0.1625 0.4859375 0.115625 0.0484375
1 0.2828125 0.6140625 0.09375 0.0359375
1 0.15234375 0.6921875 0.096875 0.0828125
1 0.03359375 0.55625 0.0671875 0.059375
1 0.103125 0.803125 0.1296875 0.0625
1 0.1421875 0.2953125 0.096875 0.03125
1 0.3171875 0.3171875 0.103125 0.040625
1 0.54921875 0.3265625 0.065625 0.0328125
1 0.7390625 0.40859375 0.2703125 0.0796875
1 0.5140625 0.2234375 0.165625 0.040625