1 0.525 0.55625 0.0609375 0.0453125
1 0.70078125 0.46875 0.059375 0.0484375
2 0.89765625 0.57578125 0.0578125 0.075
1 0.25234375 0.47109375 0.05625 0.0296875
1 0.65625 0.5515625 0.071875 0.0453125
1 0.80390625 0.48671875 0.0546875 0.05625
1 0.4796875 0.453125 0.0765625 0.0578125
1 0.2515625 0.4 0.0578125 0.0515625
1 0.6828125 0.42578125 0.0890625 0.0578125
1 0.5625 0.36640625 0.10625 0.065625
1 0.87890625 0.26171875 0.1140625 0.0828125
1 0.70703125 0.2546875 0.11875 0.0765625
1 0.1734375 0.13671875 0.1234375 0.075