1 0.83984375 0.68359375 0.0609375 0.053125
1 0.60234375 0.615625 0.075 0.0484375
1 0.15625 0.334375 0.05625 0.0625
1 0.50390625 0.57578125 0.0703125 0.0484375
1 0.94296875 0.41171875 0.1140625 0.0546875
1 0.64765625 0.49296875 0.1015625 0.0703125
1 0.2328125 0.39921875 0.065625 0.065625
1 0.8953125 0.65859375 0.0609375 0.0484375
1 0.5203125 0.75234375 0.0578125 0.0515625
1 0.75390625 0.7484375 0.0796875 0.04375
1 0.84140625 0.2328125 0.1109375 0.0609375
1 0.44921875 0.24765625 0.128125 0.0578125
1 0.41796875 0.625 0.0671875 0.04375
1 0.35234375 0.52734375 0.075 0.04375