1 0.14921875 0.61796875 0.096875 0.096875
1 0.24140625 0.4484375 0.0984375 0.0671875
1 0.22265625 0.8265625 0.10625 0.0578125
1 0.4984375 0.7515625 0.1296875 0.0484375
1 0.88359375 0.790625 0.1015625 0.0515625
1 0.96484375 0.6140625 0.0703125 0.0578125
1 0.5625 0.5015625 0.1109375 0.0359375
1 0.57421875 0.43515625 0.128125 0.0484375
1 0.52890625 0.38203125 0.0703125 0.0265625
1 0.3484375 0.37109375 0.0515625 0.0265625
1 0.75625 0.3296875 0.0671875 0.0203125
1 0.88671875 0.36328125 0.18125 0.0390625
1 0.93125 0.41953125 0.1234375 0.0359375
1 0.69921875 0.225 0.0515625 0.034375
1 0.69453125 0.2546875 0.0671875 0.021875
1 0.78359375 0.29296875 0.05625 0.0203125