1 0.53515625 0.66953125 0.1234375 0.0703125
1 0.39453125 0.66953125 0.115625 0.0578125
1 0.36875 0.5765625 0.0921875 0.0484375
1 0.603125 0.5578125 0.125 0.04375
1 0.71640625 0.4796875 0.0703125 0.0390625
1 0.92890625 0.4734375 0.075 0.04375
1 0.9625 0.40390625 0.0703125 0.0328125
1 0.85 0.359375 0.0609375 0.0203125
1 0.57578125 0.415625 0.1015625 0.0546875
1 0.3921875 0.44140625 0.0890625 0.0390625
1 0.33203125 0.35 0.0578125 0.0359375
1 0.57109375 0.3421875 0.0828125 0.0828125
1 0.6390625 0.2796875 0.0765625 0.0359375
1 0.38125 0.296875 0.0671875 0.0390625