1 0.30546875 0.29921875 0.065625 0.0453125
1 0.78515625 0.5 0.096875 0.0515625
1 0.84609375 0.7046875 0.115625 0.075
1 0.15234375 0.48671875 0.0890625 0.0453125
1 0.5453125 0.30390625 0.065625 0.0453125
1 0.478125 0.2359375 0.0625 0.0484375
1 0.5296875 0.5875 0.1140625 0.0703125
1 0.46484375 0.7046875 0.1203125 0.0625
1 0.31953125 0.678125 0.0984375 0.0703125
1 0.34375 0.36796875 0.0671875 0.0484375
1 0.1703125 0.40234375 0.065625 0.0484375
1 0.5609375 0.353125 0.065625 0.0453125
1 0.76953125 0.3890625 0.065625 0.0453125
1 0.56640625 0.44375 0.0796875 0.0578125