1 0.509375 0.42890625 0.084375 0.0359375
1 0.359375 0.4671875 0.0515625 0.0359375
1 0.44453125 0.74375 0.15 0.040625
1 0.33515625 0.86171875 0.0984375 0.0515625
1 0.22265625 0.5796875 0.0609375 0.0671875
1 0.15859375 0.6671875 0.04375 0.028125
1 0.23828125 0.49375 0.040625 0.0484375
1 0.32109375 0.28515625 0.0265625 0.0171875
1 0.328125 0.234375 0.021875 0.025
1 0.865625 0.334375 0.1234375 0.0703125
1 0.9421875 0.5875 0.1140625 0.0671875
1 0.8390625 0.75703125 0.121875 0.0453125
1 0.64921875 0.49375 0.096875 0.0453125
1 0.60078125 0.3859375 0.0984375 0.0265625
1 0.41796875 0.37734375 0.0828125 0.0296875
1 0.75625 0.27734375 0.0765625 0.03125