1 0.459375 0.66796875 0.1203125 0.065625
1 0.6 0.6734375 0.1140625 0.053125
1 0.62890625 0.58203125 0.0921875 0.0453125
1 0.39453125 0.55390625 0.125 0.0390625
1 0.28515625 0.47265625 0.0703125 0.0390625
1 0.071875 0.459375 0.071875 0.040625
1 0.040625 0.38828125 0.0703125 0.03125
1 0.1546875 0.34765625 0.0609375 0.0171875
1 0.4265625 0.41328125 0.1015625 0.053125
1 0.6109375 0.44453125 0.0875 0.0359375
1 0.6734375 0.35546875 0.0578125 0.0359375
1 0.43515625 0.33984375 0.0796875 0.0796875
1 0.36796875 0.275 0.0765625 0.0328125
1 0.6265625 0.3015625 0.065625 0.0390625