1 0.415625 0.7015625 0.075 0.0578125
1 0.63125 0.71015625 0.075 0.0578125
1 0.0171875 0.27890625 0.034375 0.0921875
1 0.52734375 0.1359375 0.1296875 0.071875
1 0.2359375 0.71484375 0.075 0.0578125
1 0.47109375 0.728125 0.065625 0.0484375
1 0.65390625 0.640625 0.071875 0.0578125
1 0.2921875 0.5046875 0.10625 0.065625
1 0.46171875 0.3484375 0.1203125 0.075
1 0.61171875 0.321875 0.0984375 0.0671875
1 0.5421875 0.43984375 0.1015625 0.071875
1 0.3375 0.5640625 0.075 0.0578125
1 0.13671875 0.61796875 0.0703125 0.0578125
1 0.5625 0.5640625 0.075 0.0578125
1 0.39765625 0.62109375 0.075 0.0609375
1 0.49609375 0.6421875 0.075 0.0578125