1 0.27734375 0.32578125 0.0984375 0.0359375
1 0.42578125 0.31953125 0.0796875 0.021875
1 0.52734375 0.29453125 0.0359375 0.0265625
1 0.646875 0.240625 0.16875 0.021875
1 0.80390625 0.3546875 0.21875 0.040625
1 0.65 0.38671875 0.084375 0.0296875
1 0.84765625 0.41015625 0.0890625 0.0296875
1 0.69375 0.44453125 0.1109375 0.0390625
1 0.19921875 0.4703125 0.0671875 0.021875
1 0.275 0.59375 0.15 0.0578125
1 0.2328125 0.6734375 0.10625 0.065625
1 0.475 0.59765625 0.0984375 0.0359375
1 0.6546875 0.63125 0.10625 0.0453125
1 0.58671875 0.51953125 0.10625 0.04375
1 0.9265625 0.54921875 0.075 0.0453125
1 0.43359375 0.7984375 0.1078125 0.04375