1 0.5171875 0.240625 0.1234375 0.034375
1 0.9015625 0.20703125 0.1140625 0.0609375
1 0.1828125 0.1828125 0.1203125 0.0609375
1 0.125 0.39296875 0.09375 0.0921875
1 0.19921875 0.52265625 0.0390625 0.053125
1 0.53515625 0.49296875 0.075 0.034375
1 0.96171875 0.37890625 0.0625 0.0390625
1 0.58046875 0.56015625 0.1015625 0.0390625
1 0.49375 0.62109375 0.0625 0.0265625
1 0.33515625 0.6265625 0.0515625 0.0125
1 0.23203125 0.59765625 0.03125 0.04375
1 0.9796875 0.5734375 0.040625 0.0265625
1 0.84140625 0.63125 0.040625 0.03125
1 0.9640625 0.615625 0.0625 0.025
1 0.72578125 0.671875 0.059375 0.0265625
1 0.8078125 0.6984375 0.0671875 0.0265625
1 0.296875 0.7203125 0.0203125 0.021875
1 0.3234375 0.77421875 0.0171875 0.0078125