1 0.7078125 0.31953125 0.071875 0.0453125
1 0.4953125 0.50703125 0.0828125 0.04375
1 0.57578125 0.44453125 0.075 0.0453125
1 0.4671875 0.38203125 0.0703125 0.0484375
1 0.23046875 0.415625 0.0359375 0.0453125
1 0.865625 0.36875 0.04375 0.0546875
1 0.31015625 0.37734375 0.0546875 0.0359375
1 0.96875 0.41484375 0.0625 0.0546875
1 0.80078125 0.2921875 0.05625 0.0234375
1 0.2828125 0.27890625 0.0390625 0.0484375
1 0.65234375 0.19375 0.0625 0.0359375
1 0.57421875 0.271875 0.071875 0.0203125
1 0.1234375 0.59609375 0.0671875 0.0453125
1 0.54921875 0.76171875 0.1515625 0.0484375
1 0.9328125 0.796875 0.1015625 0.053125