1 0.5328125 0.446875 0.05625 0.0390625
1 0.69453125 0.55859375 0.0546875 0.040625
2 0.9046875 0.48046875 0.0484375 0.0671875
1 0.2515625 0.49375 0.053125 0.021875
1 0.6625 0.47109375 0.0703125 0.0359375
1 0.79921875 0.55546875 0.0484375 0.0484375
1 0.4734375 0.54296875 0.071875 0.0484375
1 0.240625 0.5640625 0.053125 0.04375
1 0.6703125 0.6 0.084375 0.0453125
1 0.54296875 0.640625 0.0984375 0.0515625
1 0.84140625 0.78828125 0.10625 0.0671875
1 0.6703125 0.771875 0.1109375 0.0625
1 0.1265625 0.8140625 0.115625 0.059375