0 0.05078125 0.93515625 0.1015625 0.1296875
0 0.76171875 0.28125 0.0453125 0.0796875
0 0.72109375 0.203125 0.065625 0.075
0 0.90390625 0.134375 0.04375 0.0796875
0 0.953125 0.11875 0.0265625 0.0484375
0 0.540625 0.0875 0.0390625 0.075
0 0.51171875 0.08984375 0.0265625 0.0671875
0 0.4515625 0.1078125 0.0296875 0.0578125
0 0.4125 0.115625 0.021875 0.0484375
0 0.3734375 0.08203125 0.0265625 0.05625
0 0.31953125 0.0359375 0.0203125 0.0546875
0 0.2171875 0.06640625 0.034375 0.0578125
0 0.19921875 0.09609375 0.0296875 0.034375
0 0.2125 0.13203125 0.03125 0.04375
0 0.171875 0.07421875 0.0296875 0.0390625
0 0.31875 0.27734375 0.0625 0.1140625