0 0.3234375 0.890625 0.0453125 0.0625
0 0.31484375 0.8125 0.0578125 0.084375
0 0.5 0.85078125 0.04375 0.065625
0 0.56015625 0.8484375 0.0125 0.021875
0 0.5875 0.70703125 0.0484375 0.0703125
0 0.66484375 0.6625 0.065625 0.1015625
0 0.60078125 0.90390625 0.021875 0.034375
0 0.75 0.8765625 0.021875 0.0390625
0 0.7125 0.9078125 0.03125 0.0359375
0 0.90234375 0.84765625 0.025 0.04375
0 0.87265625 0.87109375 0.021875 0.04375
0 0.1765625 0.9625 0.021875 0.034375
0 0.1453125 0.9703125 0.0359375 0.0484375