0 0.38125 0.3109375 0.053125 0.1328125
0 0.478125 0.29921875 0.034375 0.0859375
0 0.0640625 0.9203125 0.128125 0.159375
0 0.0140625 0.18046875 0.028125 0.1109375
0 0.521875 0.09140625 0.028125 0.0625
0 0.5875 0.1421875 0.025 0.065625
0 0.55625 0.2046875 0.0359375 0.075
0 0.51328125 0.2640625 0.03125 0.0703125
0 0.3078125 0.0921875 0.0390625 0.059375
0 0.2828125 0.15625 0.0296875 0.040625
0 0.203125 0.0765625 0.021875 0.0515625
0 0.2125 0.1078125 0.0265625 0.0578125
0 0.36875 0.03828125 0.03125 0.053125
0 0.49375 0.08046875 0.0171875 0.03125
0 0.89453125 0.14453125 0.0265625 0.0515625
0 0.84609375 0.265625 0.034375 0.053125
0 0.80078125 0.225 0.0390625 0.0625