0 0.9421875 0.9375 0.1015625 0.125
0 0.24140625 0.2765625 0.0484375 0.0796875
0 0.28359375 0.19921875 0.0640625 0.075
0 0.10234375 0.12734375 0.04375 0.0796875
0 0.05390625 0.1109375 0.0265625 0.0484375
0 0.46640625 0.08671875 0.040625 0.075
0 0.4953125 0.08984375 0.0265625 0.0671875
0 0.55546875 0.109375 0.028125 0.0578125
0 0.5953125 0.11640625 0.021875 0.0484375
0 0.63359375 0.084375 0.0265625 0.0546875
0 0.6890625 0.03984375 0.0203125 0.0578125
0 0.78984375 0.07109375 0.034375 0.0578125
0 0.8078125 0.10078125 0.028125 0.034375
0 0.79296875 0.13671875 0.03125 0.04375
0 0.83515625 0.08046875 0.0296875 0.0390625
0 0.68515625 0.28125 0.065625 0.1140625