0 0.4046875 0.2984375 0.0671875 0.1375
0 0.50234375 0.2984375 0.04375 0.0890625
0 0.04296875 0.86328125 0.0859375 0.1703125
0 0.05625 0.1234375 0.04375 0.1140625
0 0.57109375 0.09765625 0.0359375 0.065625
0 0.63125 0.1546875 0.034375 0.0671875
0 0.5921875 0.2140625 0.0453125 0.0765625
0 0.5421875 0.26796875 0.0390625 0.071875
0 0.359375 0.071875 0.04375 0.0625
0 0.32578125 0.13203125 0.0328125 0.04375
0 0.25703125 0.04453125 0.0265625 0.053125
0 0.26328125 0.07578125 0.03125 0.0609375
0 0.42578125 0.0265625 0.0390625 0.053125
0 0.5453125 0.0828125 0.0203125 0.03125
0 0.93515625 0.19453125 0.034375 0.05625
0 0.87265625 0.31015625 0.0390625 0.0546875
0 0.83203125 0.26328125 0.0453125 0.0671875