0 0.75390625 0.1546875 0.034375 0.0578125
0 0.74609375 0.2328125 0.04375 0.0796875
0 0.5734375 0.15625 0.03125 0.0609375
0 0.51328125 0.146875 0.0078125 0.021875
0 0.45703125 0.2796875 0.0359375 0.0640625
0 0.37265625 0.30625 0.0453125 0.09375
0 0.4859375 0.084375 0.0171875 0.03125
0 0.334375 0.08046875 0.0140625 0.0359375
0 0.3765625 0.0578125 0.0265625 0.03125
0 0.178125 0.0765625 0.0171875 0.040625
0 0.2125 0.05859375 0.0140625 0.040625
0 0.9125 0.1140625 0.0140625 0.03125
0 0.94453125 0.1140625 0.0296875 0.04375